50000 0.23480966900024214
100000 0.489213335000386
150000 0.7830626550021407
200000 1.0697260919987457
250000 1.3564270380011294
300000 1.6682107399974484
350000 1.976273812000727
400000 2.282170670998312
450000 2.595246500997746
500000 2.929280911001115
550000 3.2761549570022908
600000 3.5678877620011917
650000 3.9216016860009404
700000 4.272509892998642
750000 4.56338420800239
800000 4.894582650998927
850000 5.295799605999491
900000 5.610461193002266
950000 6.008494960999087
1000000 6.257371923999017
