50000 0.20232724398374557
100000 0.4710829019895755
150000 0.6958206179842819
200000 1.1114865049894433
250000 1.2147451999771874
300000 1.4896778010006528
350000 1.7631646369991358
400000 2.0631834889936727
450000 2.30773055399186
500000 2.5917041799984872
550000 2.8947633699863218
600000 3.170333034999203
650000 3.451205014018342
700000 3.7755055820161942
750000 4.044919250009116
800000 4.386947486986173
850000 4.633867031021509
900000 4.995185275998665
950000 5.190340039000148
1000000 5.5497519230120815
